tile_id tx ty visit_tk
0 0 0 236
1 1 0 240
2 2 0 1
3 3 0 243
4 4 0 2
5 5 0 3
6 6 0 5
7 7 0 7
8 8 0 8
9 9 0 1
10 10 0 12
11 11 0 14
12 12 0 15
13 13 0 17
14 14 0 19
15 15 0 21
16 16 0 22
17 17 0 24
18 18 0 26
19 19 0 28
20 20 0 29
21 21 0 31
22 22 0 33
23 23 0 35
24 24 0 36
25 25 0 38
26 26 0 40
27 27 0 42
28 28 0 43
29 29 0 45
30 30 0 47
31 31 0 49
32 0 1 234
38 6 1 7
42 10 1 2
46 14 1 71
49 17 1 82
53 21 1 69
57 25 1 82
63 31 1 51
64 0 2 231
70 6 2 9
74 10 2 4
78 14 2 69
81 17 2 85
85 21 2 66
89 25 2 84
95 31 2 53
96 0 3 229
102 6 3 11
106 10 3 6
110 14 3 66
113 17 3 87
117 21 3 64
121 25 3 86
127 31 3 55
128 0 4 227
134 6 4 14
138 10 4 8
142 14 4 64
145 17 4 89
149 21 4 62
153 25 4 89
159 31 4 57
160 0 5 225
166 6 5 16
170 10 5 11
174 14 5 62
177 17 5 91
181 21 5 60
185 25 5 91
191 31 5 60
192 0 6 222
193 1 6 329
194 2 6 327
195 3 6 326
196 4 6 295
197 5 6 293
198 6 6 18
199 7 6 20
200 8 6 22
201 9 6 24
202 10 6 13
203 11 6 15
204 12 6 17
205 13 6 60
206 14 6 252
207 15 6 251
208 16 6 249
209 17 6 94
210 18 6 96
211 19 6 54
212 20 6 58
213 21 6 59
214 22 6 125
215 23 6 129
216 24 6 131
217 25 6 93
218 26 6 95
219 27 6 97
220 28 6 174
221 29 6 172
222 30 6 170
223 31 6 62
224 0 7 220
228 4 7 298
233 9 7 26
236 12 7 19
243 19 7 52
246 22 7 123
251 27 7 99
255 31 7 64
256 0 8 218
260 4 8 300
265 9 8 28
268 12 8 21
275 19 8 49
278 22 8 121
283 27 8 101
287 31 8 66
288 0 9 216
292 4 9 303
297 9 9 30
300 12 9 23
307 19 9 47
310 22 9 119
315 27 9 103
319 31 9 69
320 0 10 213
324 4 10 305
329 9 10 32
332 12 10 25
339 19 10 45
342 22 10 116
347 27 10 106
351 31 10 71
352 0 11 211
356 4 11 307
361 9 11 35
364 12 11 28
371 19 11 43
374 22 11 114
379 27 11 108
383 31 11 73
384 0 12 209
385 1 12 330
386 2 12 329
387 3 12 310
388 4 12 309
389 5 12 309
390 6 12 307
391 7 12 305
392 8 12 303
393 9 12 37
394 10 12 39
395 11 12 41
396 12 12 30
397 13 12 32
398 14 12 34
399 15 12 35
400 16 12 37
401 17 12 39
402 18 12 41
403 19 12 42
404 20 12 108
405 21 12 112
406 22 12 198
407 23 12 196
408 24 12 194
409 25 12 193
410 26 12 191
411 27 12 110
412 28 12 112
413 29 12 124
414 30 12 126
415 31 12 75
416 0 13 207
419 3 13 313
427 11 13 39
436 20 13 106
444 28 13 114
447 31 13 78
448 0 14 204
451 3 14 316
459 11 14 36
468 20 14 104
476 28 14 116
479 31 14 80
480 0 15 202
483 3 15 318
491 11 15 34
500 20 15 102
508 28 15 113
511 31 15 82
512 0 16 200
515 3 16 317
523 11 16 32
532 20 16 99
540 28 16 111
543 31 16 84
544 0 17 198
547 3 17 315
555 11 17 30
564 20 17 97
572 28 17 109
575 31 17 87
576 0 18 195
577 1 18 327
578 2 18 325
579 3 18 313
580 4 18 312
581 5 18 17
582 6 18 21
583 7 18 22
584 8 18 24
585 9 18 26
586 10 18 28
587 11 18 29
588 12 18 56
589 13 18 58
590 14 18 28
591 15 18 32
592 16 18 34
593 17 18 35
594 18 18 93
595 19 18 95
596 20 18 126
597 21 18 128
598 22 18 130
599 23 18 131
600 24 18 133
601 25 18 135
602 26 18 103
603 27 18 107
604 28 18 125
605 29 18 127
606 30 18 129
607 31 18 89
608 0 19 193
613 5 19 15
622 14 19 26
625 17 19 37
634 26 19 101
639 31 19 91
640 0 20 191
645 5 20 12
654 14 20 24
657 17 20 40
666 26 20 99
671 31 20 93
672 0 21 189
677 5 21 10
686 14 21 21
689 17 21 42
698 26 21 96
703 31 21 96
704 0 22 186
709 5 22 8
718 14 22 19
721 17 22 44
730 26 22 94
735 31 22 98
736 0 23 184
741 5 23 6
750 14 23 17
753 17 23 46
762 26 23 92
767 31 23 100
768 0 24 182
769 1 24 1
770 2 24 298
771 3 24 2
772 4 24 4
773 5 24 5
774 6 24 255
775 7 24 253
776 8 24 252
777 9 24 250
778 10 24 248
779 11 24 246
780 12 24 11
781 13 24 15
782 14 24 73
783 15 24 75
784 16 24 76
785 17 24 49
786 18 24 51
787 19 24 52
788 20 24 204
789 21 24 202
790 22 24 200
791 23 24 198
792 24 24 197
793 25 24 88
794 26 24 150
795 27 24 152
796 28 24 154
797 29 24 155
798 30 24 157
799 31 24 102
800 0 25 180
806 6 25 259
812 12 25 9
819 19 25 54
825 25 25 86
831 31 25 105
832 0 26 177
838 6 26 261
844 12 26 7
851 19 26 57
857 25 26 83
863 31 26 107
864 0 27 175
870 6 27 263
876 12 27 4
883 19 27 59
889 25 27 81
895 31 27 109
896 0 28 173
902 6 28 265
908 12 28 2
915 19 28 61
921 25 28 79
927 31 28 111
928 0 29 171
934 6 29 268
940 12 29 233
947 19 29 63
953 25 29 77
959 31 29 114
960 0 30 169
961 1 30 167
962 2 30 165
963 3 30 164
964 4 30 162
965 5 30 160
966 6 30 158
967 7 30 157
968 8 30 155
969 9 30 153
970 10 30 151
971 11 30 1
972 12 30 148
973 13 30 146
974 14 30 144
975 15 30 143
976 16 30 141
977 17 30 139
978 18 30 137
979 19 30 66
980 20 30 68
981 21 30 69
982 22 30 71
983 23 30 73
984 24 30 75
985 25 30 76
986 26 30 123
987 27 30 122
988 28 30 120
989 29 30 118
990 30 30 116
991 31 30 172
